---
- id: 3
  title: t1
  body: b1
  number: 1
  created_at: 2016-01-01 13:00:00.000000000 Z
  updated_at: 2016-01-01 13:00:00.000000000 Z
- id: 4
  title: t2
  body: b2
  number: 2
  created_at: 2016-01-01 13:00:00.000000000 Z
  updated_at: 2016-01-01 13:00:00.000000000 Z
- id: 5
  title: t3
  body: b3
  number: 3
  created_at: 2016-01-01 13:00:00.000000000 Z
  updated_at: 2016-01-01 13:00:00.000000000 Z
